0010
0020
0030
0040
0010
0020
0030
0040
0010
0020
0030
0040
0010
0020
0030
0040
0010
0020
0030
0040
0010
0020
0030
0040
0010
0020
0030
0040
0010
0020
0030
0040
0010
0020
0030
0040
0010
0020
0030
0040
0010
0020
0030
0040
0010
0020
0030
0040
0010
0020
0030
0040
0010
0020
0030
0040
0010
0020
0030
0040
0010
0020
0030
0040
0010
0020
0030
0040
0010
0020
0030
0040
0010
0020
0030
0040
0010
0020
0030
0040
0010
0020
0030
0040
0010
0020
0030
0040
0010
0020
0030
0040
0010
0020
0030
0040
0010
0020
0030
0040
0010
0020
0030
0040
0010
0020
0030
0040
0010
0020
0030
0040
0010
0020
0030
0040
0010
0020
0030
0040
0010
0020
0030
0040
0010
0020
0030
0040
0010
0020
0030
0040
0010
0020
0030
0040
